
kemianny.mainlaptop
beg:2015-11-13 10:42:44.273000
end:2015-11-13 10:42:44.273000
beg:2015-11-13 10:43:03.469000
end:2015-11-13 10:43:06.506000